%YAML:1.0
R: !!opencv-matrix
   rows: 3
   cols: 3
   dt: d
   data: [ 9.9997531516189708e-01, -6.2206477953327330e-03,
       3.2668957545413735e-03, 6.1993057102458591e-03,
       9.9995964012737260e-01, 6.5028243899309729e-03,
       -3.3072156832495104e-03, -6.4824113832577810e-03,
       9.9997351998294570e-01 ]
T: !!opencv-matrix
   rows: 3
   cols: 1
   dt: d
   data: [ -2.4567923520060559e+00, -4.0794323764464999e-03,
       5.2363438548742237e-02 ]
R1: !!opencv-matrix
   rows: 3
   cols: 3
   dt: d
   data: [ 9.9982764717323203e-01, -4.4210692274336454e-03,
       -1.8031364200342657e-02, 4.4801522650944458e-03,
       9.9998472296226193e-01, 3.2376037079815119e-03,
       1.8016775064387310e-02, -3.3178289549953919e-03,
       9.9983217983184791e-01 ]
R2: !!opencv-matrix
   rows: 3
   cols: 3
   dt: d
   data: [ 9.9977156191701888e-01, 1.6600916538207996e-03,
       -2.1308873215295496e-02, -1.7299341751782348e-03,
       9.9999319110809093e-01, -3.2596112048544467e-03,
       2.1303316872125184e-02, 3.2957295335292280e-03,
       9.9976762642980577e-01 ]
P1: !!opencv-matrix
   rows: 3
   cols: 4
   dt: d
   data: [ 4.5422027640561237e+02, 0., 6.3789871978759766e+02, 0., 0.,
       4.5422027640561237e+02, 3.7853395080566406e+02, 0., 0., 0., 1.,
       0. ]
P2: !!opencv-matrix
   rows: 3
   cols: 4
   dt: d
   data: [ 4.5422027640561237e+02, 0., 6.3789871978759766e+02,
       -1.1161798791912502e+03, 0., 4.5422027640561237e+02,
       3.7853395080566406e+02, 0., 0., 0., 1., 0. ]
Q: !!opencv-matrix
   rows: 4
   cols: 4
   dt: d
   data: [ 1., 0., 0., -6.3789871978759766e+02, 0., 1., 0.,
       -3.7853395080566406e+02, 0., 0., 0., 4.5422027640561237e+02, 0.,
       0., 4.0694182440802146e-01, 0. ]
ROI1: [ 178, 162, 956, 411 ]
ROI2: [ 136, 170, 960, 412 ]
