%YAML:1.0
R: !!opencv-matrix
   rows: 3
   cols: 3
   dt: d
   data: [ 9.9971713402468543e-01, -5.0885052285814907e-03,
       2.3232715123461995e-02, 5.2675589144584936e-03,
       9.9995684678031305e-01, -7.6522807225237813e-03,
       -2.3192773886535217e-02, 7.7724958483294838e-03,
       9.9970079701265413e-01 ]
T: !!opencv-matrix
   rows: 3
   cols: 1
   dt: d
   data: [ -2.4234006362730725e+00, -1.8312268671644309e-02,
       7.9878301860396642e-02 ]
R1: !!opencv-matrix
   rows: 3
   cols: 3
   dt: d
   data: [ 9.9994982105500463e-01, 2.2101489131286832e-03,
       -9.7709065007151874e-03, -2.2478181199923866e-03,
       9.9999007797143569e-01, -3.8459423268278558e-03,
       9.7623094482481975e-03, 3.8677125621804638e-03,
       9.9994486753709222e-01 ]
R2: !!opencv-matrix
   rows: 3
   cols: 3
   dt: d
   data: [ 9.9942871823207680e-01, 7.5521178514534118e-03,
       -3.2942414740659010e-02, -7.4249887114751110e-03,
       9.9996451489586768e-01, 3.9797602574039651e-03,
       3.2971301394126018e-02, -3.7328896353500595e-03,
       9.9944932778973239e-01 ]
P1: !!opencv-matrix
   rows: 3
   cols: 4
   dt: d
   data: [ 4.1145967853471416e+02, 0., 6.5711209869384766e+02, 0., 0.,
       4.1145967853471416e+02, 3.8529079055786133e+02, 0., 0., 0., 1.,
       0. ]
P2: !!opencv-matrix
   rows: 3
   cols: 4
   dt: d
   data: [ 4.1145967853471416e+02, 0., 6.5711209869384766e+02,
       -9.9770161550450541e+02, 0., 4.1145967853471416e+02,
       3.8529079055786133e+02, 0., 0., 0., 1., 0. ]
Q: !!opencv-matrix
   rows: 4
   cols: 4
   dt: d
   data: [ 1., 0., 0., -6.5711209869384766e+02, 0., 1., 0.,
       -3.8529079055786133e+02, 0., 0., 0., 4.1145967853471416e+02, 0.,
       0., 4.1240754965266074e-01, 0. ]
ROI1: [ 239, 186, 858, 369 ]
ROI2: [ 192, 201, 865, 369 ]
RMS_Error: 9.2964391617711550e-01
Reprojection_Error: 1.6442804778473719e+00
