%YAML:1.0
R: !!opencv-matrix
   rows: 3
   cols: 3
   dt: d
   data: [ 9.9893404331720848e-01, -4.4399536572936821e-03,
       4.5946315559081428e-02, 5.7798102374888990e-03,
       9.9956067633603174e-01, -2.9069711320779110e-02,
       -4.5797062084289013e-02, 2.9304285252773170e-02,
       9.9852085004283808e-01 ]
T: !!opencv-matrix
   rows: 3
   cols: 1
   dt: d
   data: [ -2.4181667101214233e+00, -1.6897834884740771e-02,
       1.3757248560703017e-01 ]
R1: !!opencv-matrix
   rows: 3
   cols: 3
   dt: d
   data: [ 9.9993860966960268e-01, 8.7625134511215151e-04,
       -1.1045771842741421e-02, -1.0374015238934216e-03,
       9.9989299247260321e-01, -1.4592032149809883e-02,
       1.1031803574209152e-02, 1.4602595240677269e-02,
       9.9983251773591408e-01 ]
R2: !!opencv-matrix
   rows: 3
   cols: 3
   dt: d
   data: [ 9.9836131539219941e-01, 6.9764191989732851e-03,
       -5.6798006157940437e-02, -6.1462243614408352e-03,
       9.9987190599780429e-01, 1.4778211069582204e-02,
       5.6893829669447227e-02, -1.4404900953442457e-02,
       9.9827630993330962e-01 ]
P1: !!opencv-matrix
   rows: 3
   cols: 4
   dt: d
   data: [ 4.4398992610110588e+02, 0., 6.4546244812011719e+02, 0., 0.,
       4.4398992610110588e+02, 3.8008549499511719e+02, 0., 0., 0., 1.,
       0. ]
P2: !!opencv-matrix
   rows: 3
   cols: 4
   dt: d
   data: [ 4.4398992610110588e+02, 0., 6.4546244812011719e+02,
       -1.0754039067561350e+03, 0., 4.4398992610110588e+02,
       3.8008549499511719e+02, 0., 0., 0., 1., 0. ]
Q: !!opencv-matrix
   rows: 4
   cols: 4
   dt: d
   data: [ 1., 0., 0., -6.4546244812011719e+02, 0., 1., 0.,
       -3.8008549499511719e+02, 0., 0., 0., 4.4398992610110588e+02, 0.,
       0., 4.1285876247219888e-01, 0. ]
ROI1: [ 209, 161, 917, 396 ]
ROI2: [ 146, 188, 921, 396 ]
