%YAML:1.0
M1: !!opencv-matrix
   rows: 3
   cols: 3
   dt: d
   data: [ 8.7025219430311063e+02, 0., 6.2040494981369284e+02, 0.,
       8.7025219430311063e+02, 3.7945244938426333e+02, 0., 0., 1. ]
D1: !!opencv-matrix
   rows: 1
   cols: 14
   dt: d
   data: [ -4.5170206972743765e-01, 2.4880809178274710e-01, 0., 0., 0.,
       0., 0., 1.1097399003983378e-01, 0., 0., 0., 0., 0., 0. ]
M2: !!opencv-matrix
   rows: 3
   cols: 3
   dt: d
   data: [ 8.7025219430311063e+02, 0., 6.4220375362112145e+02, 0.,
       8.7025219430311063e+02, 3.6420672238880172e+02, 0., 0., 1. ]
D2: !!opencv-matrix
   rows: 1
   cols: 14
   dt: d
   data: [ -4.5871198938659996e-01, 2.6387559032975866e-01, 0., 0., 0.,
       0., 0., 1.2540344401184525e-01, 0., 0., 0., 0., 0., 0. ]
Width: 1280
Height: 720
