%YAML:1.0
M1: !!opencv-matrix
   rows: 3
   cols: 3
   dt: d
   data: [ 8.7856449507015770e+02, 0., 6.1720661974424104e+02, 0.,
       8.7856449507015770e+02, 3.8064524612537025e+02, 0., 0., 1. ]
D1: !!opencv-matrix
   rows: 1
   cols: 14
   dt: d
   data: [ -4.4690920176469262e-01, 2.3453135559697416e-01, 0., 0., 0.,
       0., 0., 1.0211774364057688e-01, 0., 0., 0., 0., 0., 0. ]
M2: !!opencv-matrix
   rows: 3
   cols: 3
   dt: d
   data: [ 8.7856449507015770e+02, 0., 6.3040181752485739e+02, 0.,
       8.7856449507015770e+02, 3.6248346644677775e+02, 0., 0., 1. ]
D2: !!opencv-matrix
   rows: 1
   cols: 14
   dt: d
   data: [ -4.5769327790506470e-01, 2.5377365444351996e-01, 0., 0., 0.,
       0., 0., 1.1637275988437286e-01, 0., 0., 0., 0., 0., 0. ]
