%YAML:1.0
M1: !!opencv-matrix
   rows: 3
   cols: 3
   dt: d
   data: [ 8.7524331476584871e+02, 0., 6.2589235268190214e+02, 0.,
       8.7524331476584871e+02, 3.8150015546587167e+02, 0., 0., 1. ]
D1: !!opencv-matrix
   rows: 1
   cols: 14
   dt: d
   data: [ -4.6075042200138233e-01, 2.6608798076615797e-01, 0., 0., 0.,
       0., 0., 1.2892775248414273e-01, 0., 0., 0., 0., 0., 0. ]
M2: !!opencv-matrix
   rows: 3
   cols: 3
   dt: d
   data: [ 8.7524331476584871e+02, 0., 6.4281826650587743e+02, 0.,
       8.7524331476584871e+02, 3.6327192332857226e+02, 0., 0., 1. ]
D2: !!opencv-matrix
   rows: 1
   cols: 14
   dt: d
   data: [ -4.6871340206165663e-01, 2.8354660458967118e-01, 0., 0., 0.,
       0., 0., 1.4571184014322991e-01, 0., 0., 0., 0., 0., 0. ]
Width: 1280
Height: 720
