%YAML:1.0
M1: !!opencv-matrix
   rows: 3
   cols: 3
   dt: d
   data: [ 8.6541480302754928e+02, 0., 6.1631175937684884e+02, 0.,
       8.6541480302754928e+02, 3.7937697432401848e+02, 0., 0., 1. ]
D1: !!opencv-matrix
   rows: 1
   cols: 14
   dt: d
   data: [ -4.3787595229276594e-01, 2.2452914903697238e-01, 0., 0., 0.,
       0., 0., 9.5623788290444448e-02, 0., 0., 0., 0., 0., 0. ]
M2: !!opencv-matrix
   rows: 3
   cols: 3
   dt: d
   data: [ 8.6541480302754928e+02, 0., 6.4066937762751434e+02, 0.,
       8.6541480302754928e+02, 3.6142942368179047e+02, 0., 0., 1. ]
D2: !!opencv-matrix
   rows: 1
   cols: 14
   dt: d
   data: [ -4.4846586497472896e-01, 2.4608034405313342e-01, 0., 0., 0.,
       0., 0., 1.1345797415963189e-01, 0., 0., 0., 0., 0., 0. ]
