%YAML:1.0
R: !!opencv-matrix
   rows: 3
   cols: 3
   dt: d
   data: [ 9.9993747745691242e-01, -5.2567395300612404e-03,
       9.8695423713466620e-03, 5.2868861496786690e-03,
       9.9998143104112269e-01, -3.0309087397332591e-03,
       -9.8534264064360586e-03, 3.0828983864777527e-03,
       9.9994670144242770e-01 ]
T: !!opencv-matrix
   rows: 3
   cols: 1
   dt: d
   data: [ -2.4200468352018438e+00, -2.6276105498416785e-02,
       5.1659103504130555e-02 ]
R1: !!opencv-matrix
   rows: 3
   cols: 3
   dt: d
   data: [ 9.9991850227847534e-01, 5.5333483957560412e-03,
       -1.1505253439277449e-02, -5.5509104080312460e-03,
       9.9998347595617276e-01, -1.4950612871531051e-03,
       1.1496790630990541e-02, 1.5588040741277597e-03,
       9.9993269470252144e-01 ]
R2: !!opencv-matrix
   rows: 3
   cols: 3
   dt: d
   data: [ 9.9971334587327532e-01, 1.0854572300935342e-02,
       -2.1340204849644745e-02, -1.0821971589177040e-02,
       9.9994009166709730e-01, 1.6425613291765713e-03,
       2.1356755694254659e-02, -1.4111473916031160e-03,
       9.9977092258639688e-01 ]
P1: !!opencv-matrix
   rows: 3
   cols: 4
   dt: d
   data: [ 4.4829257986102391e+02, 0., 6.4183045196533203e+02, 0., 0.,
       4.4829257986102391e+02, 3.8096369552612305e+02, 0., 0., 0., 1.,
       0. ]
P2: !!opencv-matrix
   rows: 3
   cols: 4
   dt: d
   data: [ 4.4829257986102391e+02, 0., 6.4183045196533203e+02,
       -1.0852001162287797e+03, 0., 4.4829257986102391e+02,
       3.8096369552612305e+02, 0., 0., 0., 1., 0. ]
Q: !!opencv-matrix
   rows: 4
   cols: 4
   dt: d
   data: [ 1., 0., 0., -6.4183045196533203e+02, 0., 1., 0.,
       -3.8096369552612305e+02, 0., 0., 0., 4.4829257986102391e+02, 0.,
       0., 4.1309669355630230e-01, 0. ]
ROI1: [ 192, 165, 934, 404 ]
ROI2: [ 149, 177, 940, 404 ]
RMS_Error: 1.1246335049268070e+00
Reprojection_Error: 1.6916402655130340e+00
