%YAML:1.0
R: !!opencv-matrix
   rows: 3
   cols: 3
   dt: d
   data: [ 9.9947013140153984e-01, -4.6384634607846203e-03,
       3.2217093179114524e-02, 5.0052343080066878e-03,
       9.9992347830598471e-01, -1.1313052726067818e-02,
       -3.2162152690868410e-02, 1.1468312394759903e-02,
       9.9941686685041764e-01 ]
T: !!opencv-matrix
   rows: 3
   cols: 1
   dt: d
   data: [ -2.4805691924539603e+00, -1.6900655461719972e-02,
       8.2825743639301910e-02 ]
R1: !!opencv-matrix
   rows: 3
   cols: 3
   dt: d
   data: [ 9.9999764149181747e-01, 1.7902678526935561e-03,
       -1.2296144998262433e-03, -1.7972591899307470e-03,
       9.9998209172601604e-01, -5.7084224322996808e-03,
       1.2193728743827431e-03, 5.7106189048985482e-03,
       9.9998295083542121e-01 ]
R2: !!opencv-matrix
   rows: 3
   cols: 3
   dt: d
   data: [ 9.9941985544612189e-01, 6.8092640551536679e-03,
       -3.3370442956007482e-02, -6.6185960500391135e-03,
       9.9996115538297381e-01, 5.8208170796213241e-03,
       3.3408782174442750e-02, -5.5965746823567770e-03,
       9.9942610113276786e-01 ]
P1: !!opencv-matrix
   rows: 3
   cols: 4
   dt: d
   data: [ 1.5372922403623059e+02, 0., 1.6227901077270508e+02, 0., 0.,
       1.5372922403623059e+02, 1.2362036705017090e+02, 0., 0., 0., 1.,
       0. ]
P2: !!opencv-matrix
   rows: 3
   cols: 4
   dt: d
   data: [ 1.5372922403623059e+02, 0., 1.6227901077270508e+02,
       -3.8155733553432890e+02, 0., 1.5372922403623059e+02,
       1.2362036705017090e+02, 0., 0., 0., 1., 0. ]
Q: !!opencv-matrix
   rows: 4
   cols: 4
   dt: d
   data: [ 1., 0., 0., -1.6227901077270508e+02, 0., 1., 0.,
       -1.2362036705017090e+02, 0., 0., 0., 1.5372922403623059e+02, 0.,
       0., 4.0289940650977074e-01, 0. ]
ROI1: [ 49, 43, 233, 156 ]
ROI2: [ 39, 46, 233, 156 ]
RMS_Error: 4.8439660646919996e-01
Reprojection_Error: 5.2260557625974924e-01
