%YAML:1.0
M1: !!opencv-matrix
   rows: 3
   cols: 3
   dt: d
   data: [ 2.6292412991363051e+02, 0., 1.5741502780101308e+02, 0.,
       2.6292412991363051e+02, 1.2235484148127526e+02, 0., 0., 1. ]
D1: !!opencv-matrix
   rows: 1
   cols: 14
   dt: d
   data: [ -4.6211442023083554e-01, 2.8360325276757703e-01, 0., 0., 0.,
       0., 0., 1.6831705420796270e-01, 0., 0., 0., 0., 0., 0. ]
M2: !!opencv-matrix
   rows: 3
   cols: 3
   dt: d
   data: [ 2.6292412991363051e+02, 0., 1.5903862580238047e+02, 0.,
       2.6292412991363051e+02, 1.2075442908964503e+02, 0., 0., 1. ]
D2: !!opencv-matrix
   rows: 1
   cols: 14
   dt: d
   data: [ -4.7105903535138594e-01, 3.0356316420267093e-01, 0., 0., 0.,
       0., 0., 1.7828382723937342e-01, 0., 0., 0., 0., 0., 0. ]
Width: 320
Height: 240
