%YAML:1.0
R: !!opencv-matrix
   rows: 3
   cols: 3
   dt: d
   data: [ 9.9976089733542484e-01, -5.4406199747697769e-03,
       2.1178947409072651e-02, 5.5916240059701904e-03,
       9.9995932242142016e-01, -7.0772341680986140e-03,
       -2.1139581359194106e-02, 7.1939666933049330e-03,
       9.9975065138422081e-01 ]
T: !!opencv-matrix
   rows: 3
   cols: 1
   dt: d
   data: [ -2.4567032025444160e+00, -2.2814615132408331e-02,
       3.5303292033921227e-02 ]
R1: !!opencv-matrix
   rows: 3
   cols: 3
   dt: d
   data: [ 9.9997024743409046e-01, 3.7417553915935287e-03,
       6.7456291918079119e-03, -3.7174658957101160e-03,
       9.9998657507576516e-01, -3.6097251357123097e-03,
       -6.7590453407358198e-03, 3.5845410906616337e-03,
       9.9997073275734005e-01 ]
R2: !!opencv-matrix
   rows: 3
   cols: 3
   dt: d
   data: [ 9.9985365974020335e-01, 9.2853204294498035e-03,
       -1.4368087160232444e-02, -9.2335741533767137e-03,
       9.9995065824180285e-01, 3.6636307318510734e-03,
       1.4401396198830442e-02, -3.5304257969417979e-03,
       9.9989006189741525e-01 ]
P1: !!opencv-matrix
   rows: 3
   cols: 4
   dt: d
   data: [ 4.9125864814219466e+02, 0., 3.1101432800292969e+02, 0., 0.,
       4.9125864814219466e+02, 2.5180705642700195e+02, 0., 0., 0., 1.,
       0. ]
P2: !!opencv-matrix
   rows: 3
   cols: 4
   dt: d
   data: [ 4.9125864814219466e+02, 0., 3.1101432800292969e+02,
       -1.2070533346671539e+03, 0., 4.9125864814219466e+02,
       2.5180705642700195e+02, 0., 0., 0., 1., 0. ]
Q: !!opencv-matrix
   rows: 4
   cols: 4
   dt: d
   data: [ 1., 0., 0., -3.1101432800292969e+02, 0., 1., 0.,
       -2.5180705642700195e+02, 0., 0., 0., 4.9125864814219466e+02, 0.,
       0., 4.0699000949917408e-01, 0. ]
ROI1: [ 63, 49, 535, 378 ]
ROI2: [ 39, 61, 534, 378 ]
RMS_Error: 8.0821252220668294e-01
Reprojection_Error: 1.0106174906662533e+00
