%YAML:1.0
M1: !!opencv-matrix
   rows: 3
   cols: 3
   dt: d
   data: [ 6.6643911834684479e+02, 0., 3.0645660384066679e+02, 0.,
       6.6643911834684479e+02, 2.5296709243613554e+02, 0., 0., 1. ]
D1: !!opencv-matrix
   rows: 1
   cols: 14
   dt: d
   data: [ -4.5393910459162917e-01, 1.7847847639451561e-01, 0., 0., 0.,
       0., 0., -3.4815920141857998e-02, 0., 0., 0., 0., 0., 0. ]
M2: !!opencv-matrix
   rows: 3
   cols: 3
   dt: d
   data: [ 6.6643911834684479e+02, 0., 3.1629705001077997e+02, 0.,
       6.6643911834684479e+02, 2.4530801767998040e+02, 0., 0., 1. ]
D2: !!opencv-matrix
   rows: 1
   cols: 14
   dt: d
   data: [ -4.8685628700123551e-01, 4.5056451071189879e-01, 0., 0., 0.,
       0., 0., 5.8004607042440026e-01, 0., 0., 0., 0., 0., 0. ]
Width: 640
Height: 480
